01	4001	0	哲学
0101	4002	4001	哲学类
010101	4003	4002	哲学
010102	4004	4002	逻辑学
010103K	4005	4002	宗教学
02	4006	0	经济学
0201	4007	4006	经济学类
020101	4008	4007	经济学
020102	4009	4007	经济统计学
0202	4010	4006	财政学类
020201K	4011	4010	财政学
020202	4012	4010	税收学
0203	4013	4006	金融学类
020301K	4014	4013	金融学
020302	4015	4013	金融工程
020303	4016	4013	保险学
020304	4017	4013	投资学
0204	4018	4006	经济与贸易类
020401	4019	4018	国际经济与贸易
020402	4020	4018	贸易经济
03	4021	0	法学
0301	4022	4021	法学类
030101K	4023	4022	法学
0302	4024	4021	政治学类
030201	4025	4024	政治学与行政学
030202	4026	4024	国际政治
030203	4027	4024	外交学
0303	4028	4021	社会学类
030301	4029	4028	社会学
030302	4030	4028	社会工作
0304	4031	4021	民族学类
030401	4032	4031	民族学
0305	4033	4021	马克思主义理论类
030501	4034	4033	科学社会主义
030502	4035	4033	中国共产党历史
030503	4036	4033	思想政治教育
0306	4037	4021	公安学类
030601K	4038	4037	治安学
030602K	4039	4037	侦查学
030603K	4040	4037	边防管理
04	4041	0	教育学
0401	4042	4041	教育学类
040101	4043	4042	教育学
040102	4044	4042	科学教育
040103	4045	4042	人文教育
040104	4046	4042	教育技术学
040105	4047	4042	艺术教育
040106	4048	4042	学前教育
040107	4049	4042	小学教育
040108	4050	4042	特殊教育
0402	4051	4041	体育学类
040201	4052	4051	体育教育
040202K	4053	4051	运动训练
040203	4054	4051	社会体育指导与管理
040204K	4055	4051	武术与民族传统体育
040205	4056	4051	运动人体科学
05	4057	0	文学
0501	4058	4057	中国语言文学类
050101	4059	4058	汉语言文学
050102	4060	4058	汉语言
050103	4061	4058	汉语国际教育
050104	4062	4058	中国少数民族语言文学
050105	4063	4058	古典文献学
0502	4064	4057	外国语言文学类
050201	4065	4064	英语
050202	4066	4064	俄语
050203	4067	4064	德语
050204	4068	4064	法语
050205	4069	4064	西班牙语
050206	4070	4064	阿拉伯语
050207	4071	4064	日语
050208	4072	4064	波斯语
050209	4073	4064	朝鲜语
050210	4074	4064	菲律宾语
050211	4075	4064	梵语巴利语
050212	4076	4064	印度尼西亚语
050213	4077	4064	印地语
050214	4078	4064	柬埔寨语
050215	4079	4064	老挝语
050216	4080	4064	缅甸语
050217	4081	4064	马来语
050218	4082	4064	蒙古语
050219	4083	4064	僧伽罗语
050220	4084	4064	泰语
050221	4085	4064	乌尔都语
050222	4086	4064	希伯来语
050223	4087	4064	越南语
050224	4088	4064	豪萨语
050225	4089	4064	斯瓦西里语
050226	4090	4064	阿尔巴尼亚语
050227	4091	4064	保加利亚语
050228	4092	4064	波兰语
050229	4093	4064	捷克语
050230	4094	4064	斯洛伐克语
050231	4095	4064	罗马尼亚语
050232	4096	4064	葡萄牙语
050233	4097	4064	瑞典语
050234	4098	4064	塞尔维亚语
050235	4099	4064	土耳其语
050236	4100	4064	希腊语
050237	4101	4064	匈牙利语
050238	4102	4064	意大利语
050239	4103	4064	泰米尔语
050240	4104	4064	普什图语
050241	4105	4064	世界语
050242	4106	4064	孟加拉语
050243	4107	4064	尼泊尔语
050244	4108	4064	克罗地亚语
050245	4109	4064	荷兰语
050246	4110	4064	芬兰语
050247	4111	4064	乌克兰语
050248	4112	4064	挪威语
050249	4113	4064	丹麦语
050250	4114	4064	冰岛语
050251	4115	4064	爱尔兰语
050252	4116	4064	拉脱维亚语
050253	4117	4064	立陶宛语
050254	4118	4064	斯洛文尼亚语
050255	4119	4064	爱沙尼亚语
050256	4120	4064	马耳他语
050257	4121	4064	哈萨克语
050258	4122	4064	乌兹别克语
050259	4123	4064	祖鲁语
050260	4124	4064	拉丁语
050261	4125	4064	翻译
050262	4126	4064	商务英语
0503	4127	4057	新闻传播学类
050301	4128	4127	新闻学
050302	4129	4127	广播电视学
050303	4130	4127	广告学
050304	4131	4127	传播学
050305	4132	4127	编辑出版学
06	4133	0	历史学
0601	4134	4133	历史学类
060101	4135	4134	历史学
060102	4136	4134	世界史
060103	4137	4134	考古学
060104	4138	4134	文物与博物馆学
07	4139	0	理学
0701	4140	4139	数学类
070101	4141	4140	数学与应用数学
070102	4142	4140	信息与计算科学
0702	4143	4139	物理学类
070201	4144	4143	物理学
070202	4145	4143	应用物理学
070203	4146	4143	核物理
0703	4147	4139	化学类
070301	4148	4147	化学
070302	4149	4147	应用化学
0704	4150	4139	天文学类
070401	4151	4150	天文学
0705	4152	4139	地理科学类
070501	4153	4152	地理科学
070502	4154	4152	自然地理与资源环境
070503	4155	4152	人文地理与城乡规划
070504	4156	4152	地理信息科学
0706	4157	4139	大气科学类
070601	4158	4157	大气科学
070602	4159	4157	应用气象学
0707	4160	4139	海洋科学类
070701	4161	4160	海洋科学
070702	4162	4160	海洋技术
0708	4163	4139	地球物理学
070801	4164	4163	地球物理学
070802	4165	4163	空间科学与技术
0709	4166	4139	地质学类
070901	4167	4166	地质学
070902	4168	4166	地球化学
0710	4169	4139	生物科学类
071001	4170	4169	生物科学
071002	4171	4169	生物技术
071003	4172	4169	生物信息学
071004	4173	4169	生态学
0711	4174	4139	心理学类
071101	4175	4174	心理学
071102	4176	4174	应用心理学
0712	4177	4139	统计学类
071201	4178	4177	统计学
071202	4179	4177	应用统计学
08	4180	0	工学
0801	4181	4180	力学类
080101	4182	4181	理论与应用力学
080102	4183	4181	工程力学
0802	4184	4180	机械类
080201	4185	4184	机械工程
080202	4186	4184	机械设计制造及其自动化
080203	4187	4184	材料成型及控制工程
080204	4188	4184	机械电子工程
080205	4189	4184	工业设计
080206	4190	4184	过程装备与控制工程
080207	4191	4184	车辆工程
080208	4192	4184	汽车服务工程
0803	4193	4180	仪器类
080301	4194	4193	测控技术与仪器
0804	4195	4180	材料类
080401	4196	4195	材料科学与工程
080402	4197	4195	材料物理
080403	4198	4195	材料化学
080404	4199	4195	冶金工程
080405	4200	4195	金属材料工程
080406	4201	4195	无机非金属材料工程
080407	4202	4195	高分子材料与工程
080408	4203	4195	复合材料与工程
0805	4204	4180	能源动力类
080501	4205	4204	能源与动力工程
0806	4206	4180	电气类
080601	4207	4206	电气工程及其自动化
0807	4208	4180	电子信息类
080701	4209	4208	电子信息工程
080702	4210	4208	电子科学与技术
080703	4211	4208	通信工程
080704	4212	4208	微电子科学与工程
080705	4213	4208	光电信息科学与工程
080706	4214	4208	信息工程
0808	4215	4180	自动化类
080801	4216	4215	自动化
0809	4217	4180	计算机类
080901	4218	4217	计算机科学与技术
080902	4219	4217	软件工程
080903	4220	4217	网络工程
080904K	4221	4217	信息安全
080905	4222	4217	物联网工程
080906	4223	4217	数字媒体技术
0810	4224	4180	土木类
081001	4225	4224	土木工程
081002	4226	4224	建筑环境与能源应用工程
081003	4227	4224	给排水科学与工程
081004	4228	4224	建筑电气与智能化
0811	4229	4180	水利类
081101	4230	4229	水利水电工程
081102	4231	4229	水文与水资源工程
081103	4232	4229	港口航道与海岸工程
0812	4233	4180	测绘类
081201	4234	4233	测绘工程
081202	4235	4233	遥感科学与技术
0813	4236	4180	化工与制药类
081301	4237	4236	化学工程与工艺
081302	4238	4236	制药工程
0814	4239	4180	地质类
081401	4240	4239	地质工程
081402	4241	4239	勘查技术与工程
081403	4242	4239	资源勘查工程
0815	4243	4180	矿业类
081501	4244	4243	采矿工程
081502	4245	4243	石油工程
081503	4246	4243	矿物加工工程
081504	4247	4243	油气储运工程
0816	4248	4180	纺织类
081601	4249	4248	纺织工程
081602	4250	4248	服装设计与工程
0817	4251	4180	轻工类
081701	4252	4251	轻化工程
081702	4253	4251	包装工程
081703	4254	4251	印刷工程
0818	4255	4180	交通运输类
081801	4256	4255	交通运输
081802	4257	4255	交通工程
081803K	4258	4255	航海技术
081804K	4259	4255	轮机工程
081805K	4260	4255	飞行技术
0819	4261	4180	海洋工程类
081901	4262	4261	船舶与海洋技术
0820	4263	4180	航空航天类
082001	4264	4263	航空航天工程
082002	4265	4263	飞行器设计与工程
082003	4266	4263	飞行器制造工程
082004	4267	4263	飞行器动力工程
082005	4268	4263	飞行器环境与生命保障工程
0821	4269	4180	兵器类
082101	4270	4269	武器系统与工程
082102	4271	4269	武器发射工程
082103	4272	4269	探测制导与控制技术
082104	4273	4269	弹药工程与爆炸技术
082105	4274	4269	特种能源技术与工程
082106	4275	4269	装甲车辆工程
082107	4276	4269	信息对抗技术
0822	4277	4180	核工程类
082201	4278	4277	核工程与核技术
082202	4279	4277	辐射防护与核安全
082203	4280	4277	工程物理
082204	4281	4277	核化工与核燃料工程
0823	4282	4180	农业工程类
082301	4283	4282	农业工程
082302	4284	4282	农业机械化及自动化
082303	4285	4282	农业电气化
082304	4286	4282	农业建筑环境与能源工程
082305	4287	4282	农业水利工程
0824	4288	4180	林业工程类
082401	4289	4288	森林工程
082402	4290	4288	木材料学与工程
082403	4291	4288	林产化工
0825	4292	4180	环境科学与工程类
082501	4293	4292	环境科学与工程
082502	4294	4292	环境工程
082503	4295	4292	环境科学
082504	4296	4292	环境生态工程
0826	4297	4180	生物医学工程类
082601	4298	4297	生物医学工程
0827	4299	4180	食品科学与工程类
082701	4300	4299	食品科学与工程
082702	4301	4299	食品质量与安全
082703	4302	4299	粮食工程
082704	4303	4299	乳品工程
082705	4304	4299	酿酒工程
0828	4305	4180	建筑类
082801	4306	4305	建筑学
082802	4307	4305	城乡规划
082803	4308	4305	风景园林
0829	4309	4180	安全科学与工程类
082901	4310	4309	安全工程
0830	4311	4180	生物工程类
083001	4312	4311	生物工程
0831	4313	4180	公安技术类
083101K	4314	4313	刑事科学技术
083102K	4315	4313	消防工程
09	4316	0	农学
0901	4317	4316	植物生产类
090101	4318	4317	农学
090102	4319	4317	园艺
090103	4320	4317	植物保护
090104	4321	4317	植物科学与技术
090105	4322	4317	种子科学与工程
090106	4323	4317	设施农业科学与工程
0902	4324	4316	自然保护与环境生态类
090201	4325	4324	农业资源与环境
090202	4326	4324	野生动物与自然保护区管理
090203	4327	4324	水土保持与荒漠化防治
0903	4328	4316	动物生产类
090301	4329	4328	动物科学
0904	4330	4316	动物医学类
090401	4331	4330	动物医学
090402	4332	4330	动物药学
0905	4333	4316	林学类
090501	4334	4333	林学
090502	4335	4333	园林
090503	4336	4333	森林保护
0906	4337	4316	水产类
090601	4338	4337	水产养殖学
090602	4339	4337	海洋渔业科学与技术
0907	4340	4316	草学类
090701	4341	4340	草业科学
10	4342	0	医学
1001	4343	4342	基础医学类
100101K	4344	4343	基础医学
1002	4345	4342	临床医学类
100201K	4346	4345	临床医学
1003	4347	4342	口腔医学类
100301K	4348	4347	口腔医学
1004	4349	4342	公共卫生与预防医学类
100401K	4350	4349	预防医学
100402	4351	4349	食品卫生与营养学
1005	4352	4342	中医学类
100501K	4353	4352	中医学
100502K	4354	4352	针灸推拿学
100503K	4355	4352	藏医学
100504K	4356	4352	蒙医学
100505K	4357	4352	维医学
100506K	4358	4352	壮医学
100507K	4359	4352	哈医学
1006	4360	4342	中西医结合类
100601K	4361	4360	中西医临床医学
1007	4362	4342	药学类
100701	4363	4362	药学
100702	4364	4362	药物制剂
1008	4365	4342	中药学类
100801	4366	4365	中药学
100802	4367	4365	中药资源与开发
1009	4368	4342	法医学类
100901K	4369	4368	法医学
1010	4370	4342	医学技术类
101001	4371	4370	医学检验技术
101002	4372	4370	医学实验技术
101003	4373	4370	医学影像技术
101004	4374	4370	眼视光学
101005	4375	4370	康复治疗学
101006	4376	4370	口腔医学技术
101007	4377	4370	卫生检验与检疫
1011	4378	4342	护理学类
101101	4379	4378	护理学
12	4380	0	管理学
1201	4381	4380	管理科学与工程类
120101	4382	4381	管理科学
120102	4383	4381	信息管理与信息系统
120103	4384	4381	工程管理
120104	4385	4381	房地产开发与管理
120105	4386	4381	工程造价
1202	4387	4380	工商管理类
120201K	4388	4387	工商管理
120202	4389	4387	市场营销
120203K	4390	4387	会计学
120204	4391	4387	财务管理
120205	4392	4387	国际商务
120206	4393	4387	人力资源管理
120207	4394	4387	审计学
120208	4395	4387	资产评估
120209	4396	4387	物业管理
120210	4397	4387	文化产业管理
1203	4398	4380	农业经济管理类
120301	4399	4398	农林经济管理
120302	4400	4398	农村区域发展
1204	4401	4380	公共管理类
120401	4402	4401	公共事业管理
120402	4403	4401	行政管理
120403	4404	4401	劳动与社会保障
120404	4405	4401	土地资源管理
120405	4406	4401	城市管理
1205	4407	4380	图书情报与档案管理类
120501	4408	4407	图书馆学
120502	4409	4407	档案学
120503	4410	4407	信息资源管理
1206	4411	4380	物流管理与工程类
120601	4412	4411	物流管理
120602	4413	4411	物流工程
1207	4414	4380	工业工程类
120701	4415	4414	工业工程
1208	4416	4380	电子商务类
120801	4417	4416	电子商务
1209	4418	4380	旅游管理类
120901K	4419	4418	旅游管理
120902	4420	4418	酒店管理
120903	4421	4418	会展经济与管理
13	4422	0	艺术学
1301	4423	4422	艺术学理论类
130101	4424	4423	艺术史论
1302	4425	4422	音乐与舞蹈学类
130201	4426	4425	音乐表演
130202	4427	4425	音乐学
130203	4428	4425	作曲与作曲技术理论
130204	4429	4425	舞蹈表演
130205	4430	4425	舞蹈学
130206	4431	4425	舞蹈编导
1303	4432	4422	戏剧与影视学类
130301	4433	4432	表演
130302	4434	4432	戏剧学
130303	4435	4432	电影学
130304	4436	4432	戏剧影视文学
130305	4437	4432	广播电视编导
130306	4438	4432	戏剧影视导演
130307	4439	4432	戏剧影视美术设计
130308	4440	4432	录音艺术
130309	4441	4432	播音与主持艺术
130310	4442	4432	动画
1304	4443	4422	美术学类
130401	4444	4443	美术学
130402	4445	4443	绘画
130403	4446	4443	雕塑
130404	4447	4443	摄影
1305	4448	4422	设计学类
130501	4449	4448	艺术设计学
130502	4450	4448	视觉传达设计
130503	4451	4448	环境设计
130504	4452	4448	产品设计
130505	4453	4448	服装与服饰设计
130506	4454	4448	公共艺术
130507	4455	4448	工艺美术
130508	4456	4448	数字媒体艺术
